-3.000000000000000444e-01 -8.142857142857142794e-01
-2.142857142857143016e-01 -8.142857142857142794e-01
-1.285714285714285587e-01 -8.142857142857142794e-01
-4.285714285714281591e-02 -8.142857142857142794e-01
4.285714285714281591e-02 -8.142857142857142794e-01
1.285714285714284477e-01 -8.142857142857142794e-01
2.142857142857143016e-01 -8.142857142857142794e-01
2.999999999999999334e-01 -8.142857142857142794e-01
-4.714285714285714191e-01 -7.285714285714286476e-01
-3.857142857142857872e-01 -7.285714285714286476e-01
-3.000000000000000444e-01 -7.285714285714286476e-01
-2.142857142857143016e-01 -7.285714285714286476e-01
-1.285714285714285587e-01 -7.285714285714286476e-01
-4.285714285714281591e-02 -7.285714285714286476e-01
4.285714285714281591e-02 -7.285714285714286476e-01
1.285714285714284477e-01 -7.285714285714286476e-01
2.142857142857143016e-01 -7.285714285714286476e-01
2.999999999999999334e-01 -7.285714285714286476e-01
3.857142857142857872e-01 -7.285714285714286476e-01
4.714285714285714191e-01 -7.285714285714286476e-01
-5.571428571428571619e-01 -6.428571428571429047e-01
-4.714285714285714191e-01 -6.428571428571429047e-01
-3.857142857142857872e-01 -6.428571428571429047e-01
-3.000000000000000444e-01 -6.428571428571429047e-01
-2.142857142857143016e-01 -6.428571428571429047e-01
-1.285714285714285587e-01 -6.428571428571429047e-01
-4.285714285714281591e-02 -6.428571428571429047e-01
4.285714285714281591e-02 -6.428571428571429047e-01
1.285714285714284477e-01 -6.428571428571429047e-01
2.142857142857143016e-01 -6.428571428571429047e-01
2.999999999999999334e-01 -6.428571428571429047e-01
3.857142857142857872e-01 -6.428571428571429047e-01
4.714285714285714191e-01 -6.428571428571429047e-01
5.571428571428570509e-01 -6.428571428571429047e-01
-6.428571428571429047e-01 -5.571428571428571619e-01
-5.571428571428571619e-01 -5.571428571428571619e-01
-4.714285714285714191e-01 -5.571428571428571619e-01
-3.857142857142857872e-01 -5.571428571428571619e-01
-3.000000000000000444e-01 -5.571428571428571619e-01
-2.142857142857143016e-01 -5.571428571428571619e-01
-1.285714285714285587e-01 -5.571428571428571619e-01
-4.285714285714281591e-02 -5.571428571428571619e-01
4.285714285714281591e-02 -5.571428571428571619e-01
1.285714285714284477e-01 -5.571428571428571619e-01
2.142857142857143016e-01 -5.571428571428571619e-01
2.999999999999999334e-01 -5.571428571428571619e-01
3.857142857142857872e-01 -5.571428571428571619e-01
4.714285714285714191e-01 -5.571428571428571619e-01
5.571428571428570509e-01 -5.571428571428571619e-01
6.428571428571429047e-01 -5.571428571428571619e-01
-7.285714285714286476e-01 -4.714285714285714191e-01
-6.428571428571429047e-01 -4.714285714285714191e-01
-5.571428571428571619e-01 -4.714285714285714191e-01
-4.714285714285714191e-01 -4.714285714285714191e-01
-3.857142857142857872e-01 -4.714285714285714191e-01
-3.000000000000000444e-01 -4.714285714285714191e-01
-2.142857142857143016e-01 -4.714285714285714191e-01
-1.285714285714285587e-01 -4.714285714285714191e-01
-4.285714285714281591e-02 -4.714285714285714191e-01
4.285714285714281591e-02 -4.714285714285714191e-01
1.285714285714284477e-01 -4.714285714285714191e-01
2.142857142857143016e-01 -4.714285714285714191e-01
2.999999999999999334e-01 -4.714285714285714191e-01
3.857142857142857872e-01 -4.714285714285714191e-01
4.714285714285714191e-01 -4.714285714285714191e-01
5.571428571428570509e-01 -4.714285714285714191e-01
6.428571428571429047e-01 -4.714285714285714191e-01
7.285714285714285365e-01 -4.714285714285714191e-01
-7.285714285714286476e-01 -3.857142857142857872e-01
-6.428571428571429047e-01 -3.857142857142857872e-01
-5.571428571428571619e-01 -3.857142857142857872e-01
-4.714285714285714191e-01 -3.857142857142857872e-01
-3.857142857142857872e-01 -3.857142857142857872e-01
-3.000000000000000444e-01 -3.857142857142857872e-01
-2.142857142857143016e-01 -3.857142857142857872e-01
-1.285714285714285587e-01 -3.857142857142857872e-01
-4.285714285714281591e-02 -3.857142857142857872e-01
4.285714285714281591e-02 -3.857142857142857872e-01
1.285714285714284477e-01 -3.857142857142857872e-01
2.142857142857143016e-01 -3.857142857142857872e-01
2.999999999999999334e-01 -3.857142857142857872e-01
3.857142857142857872e-01 -3.857142857142857872e-01
4.714285714285714191e-01 -3.857142857142857872e-01
5.571428571428570509e-01 -3.857142857142857872e-01
6.428571428571429047e-01 -3.857142857142857872e-01
7.285714285714285365e-01 -3.857142857142857872e-01
-8.142857142857142794e-01 -3.000000000000000444e-01
-7.285714285714286476e-01 -3.000000000000000444e-01
-6.428571428571429047e-01 -3.000000000000000444e-01
-5.571428571428571619e-01 -3.000000000000000444e-01
-4.714285714285714191e-01 -3.000000000000000444e-01
-3.857142857142857872e-01 -3.000000000000000444e-01
-3.000000000000000444e-01 -3.000000000000000444e-01
-2.142857142857143016e-01 -3.000000000000000444e-01
-1.285714285714285587e-01 -3.000000000000000444e-01
-4.285714285714281591e-02 -3.000000000000000444e-01
4.285714285714281591e-02 -3.000000000000000444e-01
1.285714285714284477e-01 -3.000000000000000444e-01
2.142857142857143016e-01 -3.000000000000000444e-01
2.999999999999999334e-01 -3.000000000000000444e-01
3.857142857142857872e-01 -3.000000000000000444e-01
4.714285714285714191e-01 -3.000000000000000444e-01
5.571428571428570509e-01 -3.000000000000000444e-01
6.428571428571429047e-01 -3.000000000000000444e-01
7.285714285714285365e-01 -3.000000000000000444e-01
8.142857142857143904e-01 -3.000000000000000444e-01
-8.142857142857142794e-01 -2.142857142857143016e-01
-7.285714285714286476e-01 -2.142857142857143016e-01
-6.428571428571429047e-01 -2.142857142857143016e-01
-5.571428571428571619e-01 -2.142857142857143016e-01
-4.714285714285714191e-01 -2.142857142857143016e-01
-3.857142857142857872e-01 -2.142857142857143016e-01
-3.000000000000000444e-01 -2.142857142857143016e-01
-2.142857142857143016e-01 -2.142857142857143016e-01
-1.285714285714285587e-01 -2.142857142857143016e-01
-4.285714285714281591e-02 -2.142857142857143016e-01
4.285714285714281591e-02 -2.142857142857143016e-01
1.285714285714284477e-01 -2.142857142857143016e-01
2.142857142857143016e-01 -2.142857142857143016e-01
2.999999999999999334e-01 -2.142857142857143016e-01
3.857142857142857872e-01 -2.142857142857143016e-01
4.714285714285714191e-01 -2.142857142857143016e-01
5.571428571428570509e-01 -2.142857142857143016e-01
6.428571428571429047e-01 -2.142857142857143016e-01
7.285714285714285365e-01 -2.142857142857143016e-01
8.142857142857143904e-01 -2.142857142857143016e-01
-8.142857142857142794e-01 -1.285714285714285587e-01
-7.285714285714286476e-01 -1.285714285714285587e-01
-6.428571428571429047e-01 -1.285714285714285587e-01
-5.571428571428571619e-01 -1.285714285714285587e-01
-4.714285714285714191e-01 -1.285714285714285587e-01
-3.857142857142857872e-01 -1.285714285714285587e-01
-3.000000000000000444e-01 -1.285714285714285587e-01
-2.142857142857143016e-01 -1.285714285714285587e-01
-1.285714285714285587e-01 -1.285714285714285587e-01
-4.285714285714281591e-02 -1.285714285714285587e-01
4.285714285714281591e-02 -1.285714285714285587e-01
1.285714285714284477e-01 -1.285714285714285587e-01
2.142857142857143016e-01 -1.285714285714285587e-01
2.999999999999999334e-01 -1.285714285714285587e-01
3.857142857142857872e-01 -1.285714285714285587e-01
4.714285714285714191e-01 -1.285714285714285587e-01
5.571428571428570509e-01 -1.285714285714285587e-01
6.428571428571429047e-01 -1.285714285714285587e-01
7.285714285714285365e-01 -1.285714285714285587e-01
8.142857142857143904e-01 -1.285714285714285587e-01
-8.142857142857142794e-01 -4.285714285714281591e-02
-7.285714285714286476e-01 -4.285714285714281591e-02
-6.428571428571429047e-01 -4.285714285714281591e-02
-5.571428571428571619e-01 -4.285714285714281591e-02
-4.714285714285714191e-01 -4.285714285714281591e-02
-3.857142857142857872e-01 -4.285714285714281591e-02
-3.000000000000000444e-01 -4.285714285714281591e-02
-2.142857142857143016e-01 -4.285714285714281591e-02
-1.285714285714285587e-01 -4.285714285714281591e-02
-4.285714285714281591e-02 -4.285714285714281591e-02
4.285714285714281591e-02 -4.285714285714281591e-02
1.285714285714284477e-01 -4.285714285714281591e-02
2.142857142857143016e-01 -4.285714285714281591e-02
2.999999999999999334e-01 -4.285714285714281591e-02
3.857142857142857872e-01 -4.285714285714281591e-02
4.714285714285714191e-01 -4.285714285714281591e-02
5.571428571428570509e-01 -4.285714285714281591e-02
6.428571428571429047e-01 -4.285714285714281591e-02
7.285714285714285365e-01 -4.285714285714281591e-02
8.142857142857143904e-01 -4.285714285714281591e-02
-8.142857142857142794e-01 4.285714285714281591e-02
-7.285714285714286476e-01 4.285714285714281591e-02
-6.428571428571429047e-01 4.285714285714281591e-02
-5.571428571428571619e-01 4.285714285714281591e-02
-4.714285714285714191e-01 4.285714285714281591e-02
-3.857142857142857872e-01 4.285714285714281591e-02
-3.000000000000000444e-01 4.285714285714281591e-02
-2.142857142857143016e-01 4.285714285714281591e-02
-1.285714285714285587e-01 4.285714285714281591e-02
-4.285714285714281591e-02 4.285714285714281591e-02
4.285714285714281591e-02 4.285714285714281591e-02
1.285714285714284477e-01 4.285714285714281591e-02
2.142857142857143016e-01 4.285714285714281591e-02
2.999999999999999334e-01 4.285714285714281591e-02
3.857142857142857872e-01 4.285714285714281591e-02
4.714285714285714191e-01 4.285714285714281591e-02
5.571428571428570509e-01 4.285714285714281591e-02
6.428571428571429047e-01 4.285714285714281591e-02
7.285714285714285365e-01 4.285714285714281591e-02
8.142857142857143904e-01 4.285714285714281591e-02
-8.142857142857142794e-01 1.285714285714284477e-01
-7.285714285714286476e-01 1.285714285714284477e-01
-6.428571428571429047e-01 1.285714285714284477e-01
-5.571428571428571619e-01 1.285714285714284477e-01
-4.714285714285714191e-01 1.285714285714284477e-01
-3.857142857142857872e-01 1.285714285714284477e-01
-3.000000000000000444e-01 1.285714285714284477e-01
-2.142857142857143016e-01 1.285714285714284477e-01
-1.285714285714285587e-01 1.285714285714284477e-01
-4.285714285714281591e-02 1.285714285714284477e-01
4.285714285714281591e-02 1.285714285714284477e-01
1.285714285714284477e-01 1.285714285714284477e-01
2.142857142857143016e-01 1.285714285714284477e-01
2.999999999999999334e-01 1.285714285714284477e-01
3.857142857142857872e-01 1.285714285714284477e-01
4.714285714285714191e-01 1.285714285714284477e-01
5.571428571428570509e-01 1.285714285714284477e-01
6.428571428571429047e-01 1.285714285714284477e-01
7.285714285714285365e-01 1.285714285714284477e-01
8.142857142857143904e-01 1.285714285714284477e-01
-8.142857142857142794e-01 2.142857142857143016e-01
-7.285714285714286476e-01 2.142857142857143016e-01
-6.428571428571429047e-01 2.142857142857143016e-01
-5.571428571428571619e-01 2.142857142857143016e-01
-4.714285714285714191e-01 2.142857142857143016e-01
-3.857142857142857872e-01 2.142857142857143016e-01
-3.000000000000000444e-01 2.142857142857143016e-01
-2.142857142857143016e-01 2.142857142857143016e-01
-1.285714285714285587e-01 2.142857142857143016e-01
-4.285714285714281591e-02 2.142857142857143016e-01
4.285714285714281591e-02 2.142857142857143016e-01
1.285714285714284477e-01 2.142857142857143016e-01
2.142857142857143016e-01 2.142857142857143016e-01
2.999999999999999334e-01 2.142857142857143016e-01
3.857142857142857872e-01 2.142857142857143016e-01
4.714285714285714191e-01 2.142857142857143016e-01
5.571428571428570509e-01 2.142857142857143016e-01
6.428571428571429047e-01 2.142857142857143016e-01
7.285714285714285365e-01 2.142857142857143016e-01
8.142857142857143904e-01 2.142857142857143016e-01
-8.142857142857142794e-01 2.999999999999999334e-01
-7.285714285714286476e-01 2.999999999999999334e-01
-6.428571428571429047e-01 2.999999999999999334e-01
-5.571428571428571619e-01 2.999999999999999334e-01
-4.714285714285714191e-01 2.999999999999999334e-01
-3.857142857142857872e-01 2.999999999999999334e-01
-3.000000000000000444e-01 2.999999999999999334e-01
-2.142857142857143016e-01 2.999999999999999334e-01
-1.285714285714285587e-01 2.999999999999999334e-01
-4.285714285714281591e-02 2.999999999999999334e-01
4.285714285714281591e-02 2.999999999999999334e-01
1.285714285714284477e-01 2.999999999999999334e-01
2.142857142857143016e-01 2.999999999999999334e-01
2.999999999999999334e-01 2.999999999999999334e-01
3.857142857142857872e-01 2.999999999999999334e-01
4.714285714285714191e-01 2.999999999999999334e-01
5.571428571428570509e-01 2.999999999999999334e-01
6.428571428571429047e-01 2.999999999999999334e-01
7.285714285714285365e-01 2.999999999999999334e-01
8.142857142857143904e-01 2.999999999999999334e-01
-7.285714285714286476e-01 3.857142857142857872e-01
-6.428571428571429047e-01 3.857142857142857872e-01
-5.571428571428571619e-01 3.857142857142857872e-01
-4.714285714285714191e-01 3.857142857142857872e-01
-3.857142857142857872e-01 3.857142857142857872e-01
-3.000000000000000444e-01 3.857142857142857872e-01
-2.142857142857143016e-01 3.857142857142857872e-01
-1.285714285714285587e-01 3.857142857142857872e-01
-4.285714285714281591e-02 3.857142857142857872e-01
4.285714285714281591e-02 3.857142857142857872e-01
1.285714285714284477e-01 3.857142857142857872e-01
2.142857142857143016e-01 3.857142857142857872e-01
2.999999999999999334e-01 3.857142857142857872e-01
3.857142857142857872e-01 3.857142857142857872e-01
4.714285714285714191e-01 3.857142857142857872e-01
5.571428571428570509e-01 3.857142857142857872e-01
6.428571428571429047e-01 3.857142857142857872e-01
7.285714285714285365e-01 3.857142857142857872e-01
-7.285714285714286476e-01 4.714285714285714191e-01
-6.428571428571429047e-01 4.714285714285714191e-01
-5.571428571428571619e-01 4.714285714285714191e-01
-4.714285714285714191e-01 4.714285714285714191e-01
-3.857142857142857872e-01 4.714285714285714191e-01
-3.000000000000000444e-01 4.714285714285714191e-01
-2.142857142857143016e-01 4.714285714285714191e-01
-1.285714285714285587e-01 4.714285714285714191e-01
-4.285714285714281591e-02 4.714285714285714191e-01
4.285714285714281591e-02 4.714285714285714191e-01
1.285714285714284477e-01 4.714285714285714191e-01
2.142857142857143016e-01 4.714285714285714191e-01
2.999999999999999334e-01 4.714285714285714191e-01
3.857142857142857872e-01 4.714285714285714191e-01
4.714285714285714191e-01 4.714285714285714191e-01
5.571428571428570509e-01 4.714285714285714191e-01
6.428571428571429047e-01 4.714285714285714191e-01
7.285714285714285365e-01 4.714285714285714191e-01
-6.428571428571429047e-01 5.571428571428570509e-01
-5.571428571428571619e-01 5.571428571428570509e-01
-4.714285714285714191e-01 5.571428571428570509e-01
-3.857142857142857872e-01 5.571428571428570509e-01
-3.000000000000000444e-01 5.571428571428570509e-01
-2.142857142857143016e-01 5.571428571428570509e-01
-1.285714285714285587e-01 5.571428571428570509e-01
-4.285714285714281591e-02 5.571428571428570509e-01
4.285714285714281591e-02 5.571428571428570509e-01
1.285714285714284477e-01 5.571428571428570509e-01
2.142857142857143016e-01 5.571428571428570509e-01
2.999999999999999334e-01 5.571428571428570509e-01
3.857142857142857872e-01 5.571428571428570509e-01
4.714285714285714191e-01 5.571428571428570509e-01
5.571428571428570509e-01 5.571428571428570509e-01
6.428571428571429047e-01 5.571428571428570509e-01
-5.571428571428571619e-01 6.428571428571429047e-01
-4.714285714285714191e-01 6.428571428571429047e-01
-3.857142857142857872e-01 6.428571428571429047e-01
-3.000000000000000444e-01 6.428571428571429047e-01
-2.142857142857143016e-01 6.428571428571429047e-01
-1.285714285714285587e-01 6.428571428571429047e-01
-4.285714285714281591e-02 6.428571428571429047e-01
4.285714285714281591e-02 6.428571428571429047e-01
1.285714285714284477e-01 6.428571428571429047e-01
2.142857142857143016e-01 6.428571428571429047e-01
2.999999999999999334e-01 6.428571428571429047e-01
3.857142857142857872e-01 6.428571428571429047e-01
4.714285714285714191e-01 6.428571428571429047e-01
5.571428571428570509e-01 6.428571428571429047e-01
-4.714285714285714191e-01 7.285714285714285365e-01
-3.857142857142857872e-01 7.285714285714285365e-01
-3.000000000000000444e-01 7.285714285714285365e-01
-2.142857142857143016e-01 7.285714285714285365e-01
-1.285714285714285587e-01 7.285714285714285365e-01
-4.285714285714281591e-02 7.285714285714285365e-01
4.285714285714281591e-02 7.285714285714285365e-01
1.285714285714284477e-01 7.285714285714285365e-01
2.142857142857143016e-01 7.285714285714285365e-01
2.999999999999999334e-01 7.285714285714285365e-01
3.857142857142857872e-01 7.285714285714285365e-01
4.714285714285714191e-01 7.285714285714285365e-01
-3.000000000000000444e-01 8.142857142857143904e-01
-2.142857142857143016e-01 8.142857142857143904e-01
-1.285714285714285587e-01 8.142857142857143904e-01
-4.285714285714281591e-02 8.142857142857143904e-01
4.285714285714281591e-02 8.142857142857143904e-01
1.285714285714284477e-01 8.142857142857143904e-01
2.142857142857143016e-01 8.142857142857143904e-01
2.999999999999999334e-01 8.142857142857143904e-01
